GROVER'S ALGORITHM - HIGH-PRECISION TIME COMPLEXITY BENCHMARK
==========================================================================================

Date: 2025-12-02 12:56:07
Total Tests: 68
Backend: IBM-ibm_fez
Timing Method: time.perf_counter() - nanosecond precision
Measurement: Individual per-circuit (not averaged)

==========================================================================================
DETAILED RESULTS WITH INDIVIDUAL HIGH-PRECISION TIMING
==========================================================================================
Q    N      M    Iter  √N      Ratio   Build(s)     Trans(s)     Exec(s)      Total(s)     Success%  Speed  
------------------------------------------------------------------------------------------
2    4      1    1     2.00    0.500   0.002696250  1.394348794  0.000400000  1.397445044  97.75     3.91   
2    4      2    1     2.00    0.500   0.001251817  0.031357242  0.000400000  0.033009059  47.17     0.94   
3    8      1    2     2.83    0.707   0.001197653  0.062630978  0.000600000  0.064428631  84.67     6.77   
3    8      2    1     2.83    0.354   0.001047592  0.058262561  0.000400000  0.059710153  89.94     3.60   
3    8      4    1     2.83    0.354   0.001036059  0.065557292  0.000400000  0.066993351  49.71     0.99   
3    8      3    1     2.83    0.354   0.001338767  0.060090402  0.000400000  0.061829169  72.95     1.95   
4    16     1    3     4.00    0.750   0.001911780  0.148450606  0.000800000  0.151162386  51.86     8.30   
4    16     2    2     4.00    0.500   0.001594517  0.137716977  0.000600000  0.139911494  55.76     4.46   
4    16     4    1     4.00    0.250   0.001412650  0.115900125  0.000400000  0.117712775  60.64     2.43   
4    16     8    1     4.00    0.250   0.001849320  0.190045182  0.000400000  0.192294502  51.07     1.02   
4    16     3    1     4.00    0.250   0.001089576  0.108182278  0.000400000  0.109671854  63.28     3.38   
4    16     6    1     4.00    0.250   0.001470007  0.145518103  0.000400000  0.147388110  59.57     1.59   
5    32     1    4     5.66    0.707   0.001702238  0.396340068  0.001000000  0.399042306  6.35      2.03   
5    32     2    3     5.66    0.530   0.001824676  0.441335012  0.000800000  0.443959688  8.50      1.36   
5    32     4    2     5.66    0.354   0.001699821  0.443270674  0.000600000  0.445570495  11.33     0.91   
5    32     8    1     5.66    0.177   0.001893786  0.425021677  0.000400000  0.427315463  27.83     1.11   
5    32     16   1     5.66    0.177   0.002781489  0.684689508  0.000400000  0.687870997  47.17     0.94   
5    32     9    1     5.66    0.177   0.002049139  0.443760494  0.000400000  0.446209633  27.54     0.98   
5    32     3    2     5.66    0.354   0.001804431  0.364011812  0.000600000  0.366416243  13.28     1.42   
6    64     1    6     8.00    0.750   0.002351622  1.470925186  0.001400000  1.474676808  1.37      0.88   
6    64     2    4     8.00    0.500   0.001951787  1.333520791  0.001000000  1.336472578  2.54      0.81   
6    64     8    2     8.00    0.250   0.002515947  2.007033550  0.000600000  2.010149497  10.94     0.88   
6    64     16   1     8.00    0.125   0.003018744  1.695467328  0.000400000  1.698886072  24.80     0.99   
6    64     32   1     8.00    0.125   0.005434567  1.870829242  0.000400000  1.876663809  54.10     1.08   
6    64     28   1     8.00    0.125   0.004898240  1.581647201  0.000400000  1.586945441  44.34     1.01   
6    64     11   1     8.00    0.125   0.002299080  0.656454940  0.000400000  0.659154020  18.36     1.07   
6    64     29   1     8.00    0.125   0.005053363  2.325640444  0.000400000  2.331093807  43.95     0.97   
6    64     7    2     8.00    0.250   0.002186592  1.803928817  0.000600000  1.806715409  9.77      0.89   
7    128    1    8     11.31   0.707   0.003072168  2.566566212  0.001800000  2.571438380  0.98      1.25   
7    128    2    6     11.31   0.530   0.002779405  2.547221887  0.001400000  2.551401292  1.17      0.75   
7    128    16   2     11.31   0.177   0.005474602  2.797652405  0.000600000  2.803727007  11.91     0.95   
7    128    32   1     11.31   0.088   0.006091918  2.591034704  0.000400000  2.597526622  24.32     0.97   
7    128    64   1     11.31   0.088   0.010260495  9.801089455  0.000400000  9.811749950  51.37     1.03   
7    128    19   2     11.31   0.177   0.004337194  4.903912941  0.000600000  4.908850135  15.43     1.04   
7    128    17   2     11.31   0.177   0.004023604  2.364929558  0.000600000  2.369553162  13.87     1.04   
7    128    38   1     11.31   0.088   0.006426399  2.546815194  0.000400000  2.553641593  32.52     1.10   
7    128    10   2     11.31   0.177   0.002799372  1.415991765  0.000600000  1.419391137  8.69      1.11   
7    128    29   1     11.31   0.088   0.005192130  1.979081792  0.000400000  1.984673922  23.24     1.03   
8    256    1    12    16.00   0.750   0.004042555  2.736361716  0.002600000  2.743004271  0.29      0.75   
8    256    2    8     16.00   0.500   0.003219467  2.715955145  0.001800000  2.720974612  0.59      0.75   
8    256    32   2     16.00   0.125   0.006569462  6.983122442  0.000600000  6.990291904  10.35     0.83   
8    256    64   1     16.00   0.062   0.011508062  7.396584547  0.000400000  7.408492609  24.51     0.98   
8    256    128  1     16.00   0.062   0.020558252  13.967964467 0.000400000  13.988922719 48.14     0.96   
8    256    73   1     16.00   0.062   0.012627823  7.734704503  0.000400000  7.747732326  28.71     1.01   
8    256    96   1     16.00   0.062   0.015638461  10.893782887 0.000400000  10.909821348 37.79     1.01   
8    256    18   2     16.00   0.125   0.004276425  4.354178727  0.000600000  4.359055152  7.91      1.12   
8    256    28   2     16.00   0.125   0.005920407  6.661771538  0.000600000  6.668291945  10.45     0.96   
8    256    22   2     16.00   0.125   0.004927537  4.966251931  0.000600000  4.971779468  8.11      0.94   
9    512    1    17    22.63   0.751   0.005582651  5.330327029  0.003600000  5.339509680  0.29      1.50   
9    512    2    12    22.63   0.530   0.005541565  5.572984505  0.002600000  5.581126070  0.49      1.25   
9    512    64   2     22.63   0.088   0.012744512  20.821675922 0.000600000  20.835020434 11.72     0.94   
9    512    128  1     22.63   0.044   0.024286097  20.583688007 0.000400000  20.608374104 25.59     1.02   
9    512    256  1     22.63   0.044   0.043116345  42.826752842 0.000400000  42.870269187 45.02     0.90   
9    512    188  1     22.63   0.044   0.031206950  33.190037915 0.000400000  33.221644865 36.82     1.00   
9    512    16   4     22.63   0.177   0.005622039  12.102782326 0.001000000  12.109404365 3.12      1.00   
9    512    31   3     22.63   0.133   0.007434533  16.880984052 0.000800000  16.889218585 5.86      0.97   
9    512    112  1     22.63   0.044   0.018587649  18.786430780 0.000400000  18.805418429 20.61     0.94   
9    512    110  1     22.63   0.044   0.019419631  18.952030553 0.000400000  18.971850184 22.07     1.03   
10   1024   1    25    32.00   0.781   0.009966732  13.491505809 0.005200000  13.506672541 0.00      0.00   
10   1024   2    17    32.00   0.531   0.006383283  14.001120134 0.003600000  14.011103417 0.39      2.00   
10   1024   128  2     32.00   0.062   0.024395325  72.417364547 0.000600000  72.442359872 12.79     1.02   
10   1024   256  1     32.00   0.031   0.045593609  80.191336134 0.000400000  80.237329743 23.83     0.95   
10   1024   512  1     32.00   0.031   0.086963308  159.278675852 0.000400000  159.366039160 50.29     1.01   
10   1024   78   2     32.00   0.062   0.017967512  54.321915585 0.000600000  54.340483097 8.01      1.05   
10   1024   188  1     32.00   0.031   0.032356650  61.883532739 0.000400000  61.916289389 16.89     0.92   
10   1024   336  1     32.00   0.031   0.057200490  109.848800833 0.000400000  109.906401323 33.01     1.01   
10   1024   43   3     32.00   0.094   0.009895892  44.594950300 0.000800000  44.605646192 5.66      1.35   
10   1024   129  2     32.00   0.062   0.025326849  85.729971220 0.000600000  85.755898069 11.62     0.92   

==========================================================================================
TIMING PRECISION & ACCURACY ANALYSIS
==========================================================================================

Timing Statistics (all times in seconds with nanosecond precision):

Build Phase:
  Total:    0.690698870s
  Average:  0.010157336s per circuit
  StdDev:   0.014741258s
  Range:   [ 0.001036059s -  0.086963308s]

Transpile Phase:
  Total:   1013.193778184s
  Average: 14.899908503s per circuit
  StdDev:  28.769597863s
  Range:   [ 0.031357242s - 159.278675852s]

Execute Phase (Pure Quantum Algorithm):
  Total:    0.054600000s
  Average:  0.000802941s per circuit
  StdDev:   0.000861935s
  Range:   [ 0.000400000s -  0.005200000s]

Total Computation:
  Total:   1013.939077054s
  Average: 14.910868780s per circuit

TIMING BY QUBIT COUNT
------------------------------------------------------------------------------------------
Qubits   Count    Avg Build    Avg Trans    Avg Exec     Avg Total   
------------------------------------------------------------------------------------------
2        2        0.001974     0.712853     0.000400     0.715227    
3        4        0.001155     0.061635     0.000450     0.063240    
4        6        0.001555     0.140969     0.000500     0.143024    
5        7        0.001965     0.456918     0.000600     0.459484    
6        9        0.003301     1.638383     0.000622     1.642306    
7        10       0.005046     3.351430     0.000720     3.357195    
8        10       0.008929     6.841068     0.000840     6.850837    
9        10       0.017354     19.504769    0.001060     19.523184   
10       10       0.031605     69.575917    0.001300     69.608822   

==========================================================================================
COMPLEXITY SUMMARY
==========================================================================================

Average Complexity Ratio (Iter/√N): 0.2615 ± 0.2296
Theoretical Expectation: 0.7854 (π/4)
Deviation from theory: 0.5239

Average Success Rate: 26.93% ± 23.74%
Tests with >90% success: 1/68 (1.5%)
